grid_0 = off
grid_0 = off
#cam rotation: 
camR0_0: -0.689392 -0.095382 -0.718055 0.000000
camR1_0: 0.296203 0.867485 -0.399611 0.000000
camR2_0: 0.661029 -0.488195 -0.569792 0.000000
camR3_0: 0.000000 0.000000 0.000000 1.000001
camT0_0: 1.000000 0.000000 0.000000 0.000000
camT1_0: 0.000000 1.000000 0.000000 0.000000
camT2_0: 0.000000 0.000000 1.000000 0.000000
camT3_0: -153.000000 20.000000 5000.000000 1.000000
camS0_0: 234.529114 0.000000 0.000000 0.000000
camS1_0: 0.000000 234.529114 0.000000 0.000000
camS2_0: 0.000000 0.000000 234.529114 0.000000
camS3_0: 0.000000 0.000000 0.000000 1.000000
